Number of meetings: 20
Number of employees: 33
Number of time slots: 12

Meetings each employee must attend:
1: 4   8  17  20
2: 3  11  17  19
3: 9  17  18  20
4: 4  13  14  17
5: 5   6   7  17  18
6: 1   3   6  11  17
7: 3   9  10  17
8: 1   5   6  16  17
9: 11  12  17  18
10: 1   2  16  17
11: 3   7  14  17
12: 14  17  18  20
13: 6  10  15  16  17
14: 4  11  12  17
15: 3   9  13  15  17
16: 2  11  17  18
17: 3  15  17  20
18: 1   4   5  17
19: 3   8  17  20
20: 3  17  19  20
21: 2   8  11  18  19
22: 4   8  17  18  20
23: 6  15  17  18  20
24: 2   5   8  11  14
25: 3   8  14  15  19
26: 7  10  13  14  16
27: 8  10  12  13  19
28: 4   9  12  18  19
29: 2   4   6  13  17
30: 5  10  12  13  17
31: 6   9  11  12  19
32: 1   6  10  13  17
33: 1   4   6   7  19 
 
Travel time between meetings: 
      1  2  3  4  5  6  7  8  9 10 11 12 13 14 15 16 17 18 19 20
1:    0  1  1  2  1  2  1  2  2  2  1  1  1  2  2  1  2  2  2  2
2:    1  0  1  1  2  1  1  2  1  2  1  1  1  1  2  1  2  1  2  2
3:    1  1  0  2  1  1  1  2  2  1  2  2  1  1  1  2  2  1  2  2
4:    2  1  2  0  1  2  1  1  2  2  2  1  2  2  1  2  1  2  2  1
5:    1  2  1  1  0  2  2  1  1  1  2  1  1  1  2  1  1  2  1  1
6:    2  1  1  2  2  0  1  1  2  1  1  2  1  2  1  2  1  1  1  2
7:    1  1  1  1  2  1  0  1  2  1  2  2  1  1  2  1  1  2  1  1
8:    2  2  2  1  1  1  1  0  2  1  1  2  1  2  1  2  1  1  2  2
9:    2  1  2  2  1  2  2  2  0  1  2  2  2  1  1  2  2  1  2  2
10:   2  2  1  2  1  1  1  1  1  0  2  2  1  1  1  2  1  1  2  1
11:   1  1  2  2  2  1  2  1  2  2  0  1  1  1  2  1  1  1  1  1
12:   1  1  2  1  1  2  2  2  2  2  1  0  1  2  2  1  2  1  2  2
13:   1  1  1  2  1  1  1  1  2  1  1  1  0  1  1  1  1  1  2  2
14:   2  1  1  2  1  2  1  2  1  1  1  2  1  0  2  1  1  2  2  1
15:   2  2  1  1  2  1  2  1  1  1  2  2  1  2  0  1  1  2  2  2
16:   1  1  2  2  1  2  1  2  2  2  1  1  1  1  1  0  1  2  2  1
17:   2  2  2  1  1  1  1  1  2  1  1  2  1  1  1  1  0  2  1  2
18:   2  1  1  2  2  1  2  1  1  1  1  1  1  2  2  2  2  0  1  1
19:   2  2  2  2  1  1  1  2  2  2  1  2  2  2  2  2  1  1  0  1
20:   2  2  2  1  1  2  1  2  2  1  1  2  2  1  2  1  2  1  1  0