20
33
12
2 6 7 9 19
2 5 6 12 16
1 3 8 9 16
1 6 15 16 18
1 3 8 13 18
8 10 11 17 20
3 8 10 13 20
1 3 14 16 20
6 7 9 16 19
2 6 7 12 17 19
2 6 7 9 13
2 4 7 12 16
2 6 7 9 16 18
2 5 11 17 18
1 5 11 17 18 20
6 8 12 16 18
6 7 15 17 19
1 7 11 18 20
4 5 9 10 13
4 7 9 17 18
7 10 11 12 17
5 6 9 13 18
1 9 11 17 18
2 11 14 15 17
1 3 14 15 16
5 6 10 13 15
8 11 15 17 18
1 4 7 9 16
1 11 13 18 20
2 5 12 13 18
2 6 8 12 16
2 7 15 17 19
6 7 15 17 18
0 1 1 1 2 1 1 1 1 1 1 2 1 2 1 1 1 1 2 1
1 0 1 1 2 2 1 1 1 1 1 1 1 1 1 2 2 1 1 2
1 1 0 1 1 2 2 1 1 2 2 2 2 2 2 1 2 2 1 1
1 1 1 0 1 2 2 2 2 2 1 1 1 2 2 1 1 2 2 2
2 2 1 1 0 2 2 2 1 1 1 2 1 2 1 2 2 1 2 2
1 2 2 2 2 0 1 1 1 1 2 1 2 1 2 1 1 2 2 1
1 1 2 2 2 1 0 1 2 1 1 1 1 1 2 2 2 1 1 2
1 1 1 2 2 1 1 0 2 1 1 2 1 1 2 1 2 1 2 1
1 1 1 2 1 1 2 2 0 2 2 1 1 1 2 2 2 2 1 2
1 1 2 2 1 1 1 1 2 0 1 2 2 2 2 2 1 1 2 2
1 1 2 1 1 2 1 1 2 1 0 1 2 1 1 2 1 2 1 1
2 1 2 1 2 1 1 2 1 2 1 0 1 2 2 2 2 1 2 2
1 1 2 1 1 2 1 1 1 2 2 1 0 1 1 2 2 2 1 1
2 1 2 2 2 1 1 1 1 2 1 2 1 0 2 1 1 2 1 1
1 1 2 2 1 2 2 2 2 2 1 2 1 2 0 2 1 2 2 1
1 2 1 1 2 1 2 1 2 2 2 2 2 1 2 0 1 1 2 2
1 2 2 1 2 1 2 2 2 1 1 2 2 1 1 1 0 2 2 2
1 1 2 2 1 2 1 1 2 1 2 1 2 2 2 1 2 0 1 1
2 1 1 2 2 2 1 2 1 2 1 2 1 1 2 2 2 1 0 2
1 2 1 2 2 1 2 1 2 2 1 2 1 1 1 2 2 1 2 0
