Number of meetings: 40
Number of employees: 62
Number of time slots: 12

Meetings each employee must attend:
1: 9  11  12  17  39
2: 6  23  33  35  38
3: 5   6   7  18  26
4: 10  27  35  38  40
5: 1   6  12  19  22
6: 4   6  26  30  39
7: 5  12  28  29  31
8: 7  10  16  33  35
9: 4   9  29  30  37
10: 16  24  35  36  38
11: 5   9  11  15  40
12: 3   6  10  17  38
13: 4  10  13  21  33
14: 5  10  13  33  38
15: 13  23  32  38  40
16: 4   8  13  17  23
17: 9  11  15  21  39
18: 15  18  20  30  36
19: 4   8  13  21  23
20: 12  22  27  29  33
21: 5   6  12  24  26
22: 4  16  24  29  35
23: 3   4   9  26  32
24: 6  14  23  25  30
25: 2   9  11  17  33
26: 2  17  20  23  37
27: 7   9  19  35  40
28: 12  13  22  31  36
29: 14  16  22  25  29
30: 21  28  36  37  38
31: 8  17  20  23  25
32: 9  21  26  38  40
33: 6  12  18  26  30
34: 7   9  22  26  31
35: 7  13  18  22  23
36: 1   2   9  19  21
37: 16  18  25  32  36
38: 9  11  24  35  38
39: 2  16  17  18  29
40: 5   9  10  38  39
41: 2   8  17  20  29
42: 3   9  11  17  25
43: 6  23  25  30  40
44: 16  17  19  34  38
45: 2  13  17  18  19
46: 16  19  32  33  38
47: 7   9  17  18  26
48: 13  17  23  25  39
49: 13  17  23  34  38
50: 12  14  19  20  21
51: 9  11  22  25  34
52: 3   9  11  30  38
53: 1  15  16  30  36
54: 4  27  29  32  34
55: 4   5   9  11  14
56: 7  28  31  35  36
57: 4  16  22  36  39
58: 2  13  21  23  34
59: 27  29  32  37  38
60: 6  15  26  31  32
61: 4  17  18  19  20
62: 4  10  16  17  37
 
Travel time between meetings:
      1  2  3  4  5  6  7  8  9 10 11 12 13 14 15 16 17 18 19 20 21 22 23 24 25 26 27 28 29 30 31 32 33 34 35 36 37 38 39 40
1:    0  2  1  2  1  2  1  2  1  1  1  1  2  1  2  2  2  1  2  2  1  1  2  1  2  2  2  2  1  1  1  2  1  2  1  2  2  2  1  1
2:    2  0  2  2  2  1  1  2  1  1  1  2  1  2  1  1  2  2  2  1  2  2  1  1  2  1  1  1  1  2  2  1  2  2  2  1  2  1  1  1
3:    1  2  0  1  2  2  2  2  2  1  2  1  2  1  2  1  2  1  1  1  2  1  2  1  2  1  2  2  2  2  1  1  2  1  1  1  1  2  2  2
4:    2  2  1  0  2  1  1  1  1  2  2  2  1  2  1  1  2  1  2  2  1  1  2  2  1  1  1  2  2  1  1  1  1  2  1  1  1  1  2  1
5:    1  2  2  2  0  2  1  2  1  1  2  2  2  1  2  2  2  2  1  1  1  2  2  2  2  2  2  2  1  1  1  1  1  2  2  2  1  2  1  1
6:    2  1  2  1  2  0  2  1  1  1  2  2  1  1  1  1  1  1  1  2  2  1  1  2  1  1  2  1  2  2  2  1  1  1  2  2  1  1  1  1
7:    1  1  2  1  1  2  0  2  1  2  1  1  2  1  2  1  1  1  1  2  1  1  1  2  2  2  1  1  2  1  1  1  1  1  2  2  1  2  2  1
8:    2  2  2  1  2  1  2  0  1  2  2  2  1  2  2  1  1  2  1  2  2  2  1  1  2  1  2  2  2  2  2  2  2  1  1  2  1  1  2  1
9:    1  1  2  1  1  1  1  1  0  2  1  2  2  1  1  1  1  1  2  1  1  2  2  2  1  1  1  2  1  2  1  1  2  1  2  2  1  1  1  2
10:   1  1  1  2  1  1  2  2  2  0  1  2  2  1  1  2  1  1  2  1  1  2  2  1  1  2  1  2  2  2  1  2  2  1  2  2  2  1  1  2
11:   1  1  2  2  2  2  1  2  1  1  0  1  2  1  1  2  1  2  2  2  2  2  2  1  2  2  2  2  1  2  2  1  2  2  2  2  2  2  1  1
12:   1  2  1  2  2  2  1  2  2  2  1  0  1  2  1  1  2  2  2  2  2  1  1  1  2  2  1  2  2  1  2  2  2  2  2  2  1  1  2  2
13:   2  1  2  1  2  1  2  1  2  2  2  1  0  1  1  2  1  2  1  1  1  2  1  1  2  2  1  2  1  2  2  2  2  2  2  2  2  2  2  2
14:   1  2  1  2  1  1  1  2  1  1  1  2  1  0  1  2  2  2  2  2  1  1  1  2  2  2  1  1  1  2  1  2  1  1  2  1  2  2  2  1
15:   2  1  2  1  2  1  2  2  1  1  1  1  1  1  0  2  2  1  2  1  2  2  1  1  1  1  1  2  1  1  2  1  2  2  2  2  1  1  2  2
16:   2  1  1  1  2  1  1  1  1  2  2  1  2  2  2  0  2  1  2  1  1  2  2  1  1  2  2  1  1  2  1  1  2  1  2  2  1  1  1  2
17:   2  2  2  2  2  1  1  1  1  1  1  2  1  2  2  2  0  1  1  2  2  2  2  1  2  2  1  1  1  2  1  1  1  2  2  2  2  1  2  2
18:   1  2  1  1  2  1  1  2  1  1  2  2  2  2  1  1  1  0  2  1  2  2  1  2  1  1  1  1  2  2  2  1  2  1  2  1  2  1  2  1
19:   2  2  1  2  1  1  1  1  2  2  2  2  1  2  2  2  1  2  0  2  1  2  1  1  1  1  1  2  2  2  2  2  1  1  1  2  1  1  2  2
20:   2  1  1  2  1  2  2  2  1  1  2  2  1  2  1  1  2  1  2  0  2  1  1  1  1  2  2  1  1  2  1  2  2  2  1  1  1  2  2  1
21:   1  2  2  1  1  2  1  2  1  1  2  2  1  1  2  1  2  2  1  2  0  2  2  2  2  2  2  2  2  2  1  1  2  2  2  1  2  2  2  2
22:   1  2  1  1  2  1  1  2  2  2  2  1  2  1  2  2  2  2  2  1  2  0  2  2  1  1  1  1  2  2  2  2  2  1  2  2  2  2  2  1
23:   2  1  2  2  2  1  1  1  2  2  2  1  1  1  1  2  2  1  1  1  2  2  0  1  2  1  2  2  1  2  1  1  1  1  2  2  1  1  1  1
24:   1  1  1  2  2  2  2  1  2  1  1  1  1  2  1  1  1  2  1  1  2  2  1  0  2  1  1  1  2  2  1  1  1  2  1  1  2  2  2  1
25:   2  2  2  1  2  1  2  2  1  1  2  2  2  2  1  1  2  1  1  1  2  1  2  2  0  2  1  1  2  2  1  1  2  2  2  1  2  1  2  1
26:   2  1  1  1  2  1  2  1  1  2  2  2  2  2  1  2  2  1  1  2  2  1  1  1  2  0  2  1  1  2  1  2  1  2  2  1  2  1  1  2
27:   2  1  2  1  2  2  1  2  1  1  2  1  1  1  1  2  1  1  1  2  2  1  2  1  1  2  0  2  2  2  1  1  1  2  1  1  2  1  1  2
28:   2  1  2  2  2  1  1  2  2  2  2  2  2  1  2  1  1  1  2  1  2  1  2  1  1  1  2  0  1  1  2  2  1  1  2  1  2  2  1  1
29:   1  1  2  2  1  2  2  2  1  2  1  2  1  1  1  1  1  2  2  1  2  2  1  2  2  1  2  1  0  1  2  2  2  1  2  1  2  1  1  1
30:   1  2  2  1  1  2  1  2  2  2  2  1  2  2  1  2  2  2  2  2  2  2  2  2  2  2  2  1  1  0  2  1  1  1  1  1  1  2  2  1
31:   1  2  1  1  1  2  1  2  1  1  2  2  2  1  2  1  1  2  2  1  1  2  1  1  1  1  1  2  2  2  0  1  1  1  1  1  2  2  1  1
32:   2  1  1  1  1  1  1  2  1  2  1  2  2  2  1  1  1  1  2  2  1  2  1  1  1  2  1  2  2  1  1  0  1  2  1  2  2  1  1  2
33:   1  2  2  1  1  1  1  2  2  2  2  2  2  1  2  2  1  2  1  2  2  2  1  1  2  1  1  1  2  1  1  1  0  1  1  1  1  1  1  1
34:   2  2  1  2  2  1  1  1  1  1  2  2  2  1  2  1  2  1  1  2  2  1  1  2  2  2  2  1  1  1  1  2  1  0  1  1  2  1  1  1
35:   1  2  1  1  2  2  2  1  2  2  2  2  2  2  2  2  2  2  1  1  2  2  2  1  2  2  1  2  2  1  1  1  1  1  0  2  2  1  2  2
36:   2  1  1  1  2  2  2  2  2  2  2  2  2  1  2  2  2  1  2  1  1  2  2  1  1  1  1  1  1  1  1  2  1  1  2  0  1  1  2  1
37:   2  2  1  1  1  1  1  1  1  2  2  1  2  2  1  1  2  2  1  1  2  2  1  2  2  2  2  2  2  1  2  2  1  2  2  1  0  2  2  2
38:   2  1  2  1  2  1  2  1  1  1  2  1  2  2  1  1  1  1  1  2  2  2  1  2  1  1  1  2  1  2  2  1  1  1  1  1  2  0  2  2
39:   1  1  2  2  1  1  2  2  1  1  1  2  2  2  2  1  2  2  2  2  2  2  1  2  2  1  1  1  1  2  1  1  1  1  2  2  2  2  0  1
40:   1  1  2  1  1  1  1  1  2  2  1  2  2  1  2  2  2  1  2  1  2  1  1  1  1  2  2  1  1  1  1  2  1  1  2  1  2  2  1  0